28
165.0 275.0 0.158 28
3.0 0.7700 0.00
4.0 0.7700 20.00
5.0 0.7700 160.00
6.0 0.7700 540.00
7.0 0.7700 1280.00
8.0 0.7700 2500.00
9.0 0.7700 4320.00
10.0 0.7700 6860.00
11.0 0.7700 10240.00
12.0 0.7700 14580.00
13.0 0.7700 20000.00
14.0 0.6639 20000.00
15.0 0.5784 20000.00
16.0 0.5083 20000.00
17.0 0.4503 20000.00
18.0 0.4016 20000.00
19.0 0.3605 20000.00
20.0 0.3253 20000.00
21.0 0.2951 20000.00
22.0 0.2689 20000.00
23.0 0.2460 20000.00
24.0 0.2259 20000.00
25.0 0.2082 20000.00
26.0 0.1925 20000.00
27.0 0.1785 20000.00
28.0 0.1660 20000.00
29.0 0.1547 20000.00
30.0 0.1446 20000.00
