66.06000 -18.25271 1
66.06000 -18.22162 1
66.06000 -18.19054 1
66.06000 -18.15946 1
66.06000 -18.12838 1
66.06000 -18.09729 1
66.04000 -18.27609 1
66.04000 -18.24566 1
66.04000 -18.21522 1
66.04000 -18.18478 1
66.04000 -18.15434 1
66.04000 -18.12391 1
66.02500 -18.29450 1
66.02500 -18.26470 1
66.02500 -18.23490 1
66.02500 -18.20510 1
66.02500 -18.17530 1
66.02500 -18.14550 1
65.81650 -18.26691 1
65.81650 -18.23150 1
65.81650 -18.19609 1
65.79800 -18.23730 1
65.79800 -18.20500 1
65.79800 -18.17270 1
